0 0.982724 0.572144 0.034552 0.061472
0 0.133000 0.743537 0.117021 0.082741
0 0.047229 0.776046 0.050531 0.055556
0 0.222430 0.705125 0.048536 0.039009
0 0.240380 0.630657 0.049865 0.034278
0 0.190516 0.656657 0.039229 0.039000
0 0.140315 0.682662 0.047870 0.036639
0 0.076484 0.708074 0.059844 0.047278
0 0.342443 0.439162 0.043885 0.081565
0 0.193836 0.552046 0.068484 0.056741
0 0.421896 0.983491 0.024604 0.030741
0 0.472096 0.958079 0.025266 0.081565
0 0.445500 0.919069 0.022604 0.057917
0 0.493039 0.853463 0.028589 0.082741
0 0.413586 0.770722 0.035901 0.096926
0 0.479411 0.663162 0.039896 0.080380
0 0.434531 0.626519 0.031250 0.078019
0 0.884661 0.514222 0.051198 0.040185
0 0.816513 0.563866 0.045214 0.044917
0 0.758664 0.550273 0.049203 0.036639
0 0.832469 0.508315 0.050531 0.049648
0 0.966102 0.362333 0.067797 0.076833
0 0.766646 0.502403 0.042552 0.037824
0 0.698161 0.544366 0.039896 0.046102
0 0.707469 0.494722 0.046542 0.034278
0 0.711458 0.445667 0.050531 0.056741
0 0.507005 0.216940 0.031250 0.072102
0 0.464781 0.111148 0.034573 0.082741
0 0.373690 0.189167 0.049203 0.118204
