0 0.354877 0.188222 0.032577 0.030732
0 0.398960 0.177343 0.026596 0.023641
0 0.431539 0.167889 0.019945 0.028366
0 0.462123 0.152523 0.014629 0.026000
0 0.489053 0.143065 0.017952 0.028366
0 0.316513 0.185621 0.021276 0.030732
0 0.290581 0.218716 0.017287 0.026007
0 0.272298 0.261863 0.013963 0.027190
0 0.232072 0.368837 0.023938 0.035464
0 0.215449 0.403114 0.023934 0.023641
0 0.178213 0.450987 0.026596 0.034275
0 0.167908 0.306778 0.015294 0.041373
0 0.069504 0.246497 0.024603 0.036641
0 0.220436 0.108788 0.012636 0.037824
0 0.265947 0.118778 0.075864 0.171516
0 0.772963 0.145431 0.023272 0.049647
0 0.895967 0.075101 0.020610 0.029549
0 0.983390 0.085150 0.033221 0.030732
0 0.852748 0.155480 0.028592 0.048464
0 0.763985 0.200395 0.026596 0.022464
0 0.711792 0.207487 0.027261 0.020098
0 0.660596 0.282546 0.021941 0.026007
0 0.539252 0.326281 0.025268 0.033098
0 0.481739 0.371199 0.031250 0.026007
0 0.512656 0.268951 0.025268 0.031915
0 0.549226 0.233493 0.023938 0.027183
0 0.469437 0.249451 0.025265 0.021281
0 0.436858 0.271908 0.022607 0.028366
0 0.366713 0.302049 0.039228 0.048464
0 0.434199 0.311507 0.030588 0.027183
0 0.896965 0.193895 0.030585 0.028366
0 0.871366 0.265405 0.017952 0.055556
0 0.905941 0.349333 0.023272 0.041373
0 0.754344 0.524271 0.035239 0.029549
0 0.569836 0.583967 0.039893 0.049647
0 0.494371 0.660206 0.031250 0.050830
0 0.373362 0.715170 0.035239 0.033098
0 0.316513 0.692121 0.042555 0.041366
0 0.293574 0.615882 0.023272 0.047281
0 0.243042 0.704536 0.041886 0.063830
0 0.152949 0.568010 0.031912 0.050830
0 0.032270 0.763046 0.029923 0.053190
0 0.011647 0.905477 0.023294 0.063830
0 0.011980 0.384794 0.023960 0.043732
0 0.008654 0.469310 0.017309 0.026007
