0 0.315186 0.974611 0.034573 0.050778
0 0.310533 0.073927 0.025265 0.081560
0 0.227752 0.067424 0.027260 0.068556
0 0.259667 0.043193 0.023270 0.020093
0 0.261330 0.149573 0.027925 0.112293
0 0.231077 0.160804 0.019280 0.061467
0 0.307207 0.331607 0.021275 0.079196
0 0.097101 0.526053 0.067817 0.044916
0 0.267314 0.502411 0.043882 0.075649
0 0.131676 0.631253 0.054522 0.054373
0 0.101755 0.713404 0.057180 0.039004
0 0.243045 0.657849 0.053855 0.036640
0 0.387660 0.634800 0.037235 0.044916
0 0.498698 0.640120 0.057180 0.062649
0 0.549561 0.490591 0.041888 0.042551
0 0.542247 0.536691 0.037900 0.047284
0 0.520970 0.588700 0.033910 0.040191
0 0.614056 0.508322 0.039227 0.042556
0 0.665253 0.514822 0.041890 0.046098
0 0.742047 0.524869 0.055850 0.073284
0 0.589788 0.551464 0.038565 0.034280
0 0.578484 0.601111 0.037233 0.041369
0 0.644641 0.566831 0.047207 0.048462
0 0.638656 0.607613 0.043217 0.042551
0 0.717779 0.579836 0.049867 0.041369
0 0.858405 0.562696 0.038565 0.049649
0 0.809202 0.601111 0.039895 0.053191
0 0.891981 0.622387 0.044548 0.057920
0 0.963126 0.599338 0.045878 0.044916
0 0.974429 0.656667 0.045877 0.053191
0 0.693179 0.721680 0.044548 0.055556
