0 0.337458 0.369425 0.017952 0.036641
0 0.533601 0.123562 0.024599 0.043739
0 0.512989 0.146611 0.009971 0.040190
0 0.445502 0.261268 0.025268 0.033098
0 0.463785 0.312098 0.008643 0.021281
0 0.406274 0.376520 0.021276 0.027183
0 0.600421 0.241176 0.021276 0.028366
0 0.397296 0.288458 0.016621 0.035464
0 0.572496 0.077464 0.043882 0.065007
0 0.477085 0.130657 0.009971 0.015366
0 0.383335 0.650748 0.019279 0.029549
0 0.438853 0.550869 0.031912 0.049647
0 0.674224 0.601696 0.015956 0.040190
0 0.655941 0.355833 0.016625 0.033092
0 0.682537 0.524863 0.021941 0.042549
0 0.890649 0.175572 0.015290 0.017732
0 0.854743 0.239402 0.013963 0.017732
0 0.784928 0.267180 0.017952 0.023641
0 0.740050 0.265408 0.014629 0.043732
0 0.685195 0.209853 0.012632 0.017732
0 0.649290 0.227582 0.013963 0.029556
0 0.208467 0.343422 0.020610 0.031915
0 0.119371 0.412572 0.028588 0.052007
0 0.184864 0.720490 0.042551 0.053190
0 0.411594 0.694484 0.022607 0.053190
