0 0.446333 0.599963 0.019932 0.041444
0 0.436372 0.451278 0.017998 0.029259
0 0.445044 0.505509 0.016064 0.040204
0 0.430264 0.509167 0.018633 0.030481
0 0.445049 0.555472 0.014785 0.047537
0 0.422231 0.565843 0.015420 0.031685
0 0.439263 0.658454 0.022490 0.048759
0 0.419023 0.624333 0.020566 0.043889
0 0.542412 0.964954 0.030840 0.069463
0 0.384961 0.559741 0.034707 0.102370
0 0.395562 0.821759 0.034053 0.075556
0 0.505137 0.740713 0.026992 0.057278
0 0.550767 0.744370 0.023135 0.062148
0 0.521206 0.637741 0.023135 0.039000
0 0.093828 0.938750 0.052695 0.109685
0 0.678979 0.462250 0.018643 0.021944
0 0.640420 0.479917 0.032773 0.032907
0 0.649097 0.521352 0.056553 0.049963
0 0.723325 0.563398 0.048193 0.082870
0 0.678013 0.593861 0.043701 0.046315
0 0.763491 0.629204 0.046279 0.026815
0 0.675444 0.642009 0.030850 0.032907
0 0.679946 0.696241 0.051416 0.051185
0 0.446978 0.387907 0.043057 0.119444
0 0.221719 0.628602 0.028281 0.035352
0 0.120498 0.816278 0.034063 0.035333
0 0.148457 0.771185 0.039844 0.037778
0 0.205977 0.650528 0.034063 0.030463
0 0.187012 0.694407 0.048848 0.042667
0 0.298198 0.671861 0.017998 0.041426
0 0.258027 0.653574 0.032773 0.026815
0 0.511885 0.490889 0.019922 0.040222
0 0.460469 0.462861 0.013496 0.030463
